576 1820
568 160 39
118 222 15
269 315 4
479 369 27
108 56 32
48 385 17
61 67 1
103 543 33
506 54 17
409 254 47
76 287 29
314 156 4
448 552 46
181 404 16
244 374 19
515 87 29
252 304 19
238 340 15
248 93 27
354 295 47
38 270 24
37 37 8
530 508 15
485 101 17
92 33 11
356 304 20
333 286 28
189 568 30
167 34 44
560 178 29
500 356 32
155 570 30
35 184 19
496 19 28
61 46 43
522 169 42
94 323 1
366 365 39
525 541 10
533 405 29
174 107 41
155 368 7
59 80 34
386 414 20
139 111 32
551 175 47
312 538 5
196 55 22
38 146 29
168 234 18
209 494 50
244 154 12
266 352 49
138 4 6
236 492 43
462 488 14
148 504 26
132 26 40
26 280 45
227 397 36
32 373 24
87 43 24
317 382 19
540 201 27
515 188 2
137 34 15
107 224 50
368 560 12
125 475 27
32 461 28
319 292 30
495 350 46
311 368 44
195 47 46
59 68 39
69 359 26
567 255 10
496 135 32
366 289 30
89 340 37
299 185 50
318 112 4
95 265 20
217 410 38
26 278 6
85 529 3
311 228 11
282 1 22
569 263 4
480 399 16
284 317 24
169 528 16
558 516 48
382 43 7
420 233 19
137 122 29
521 87 42
563 551 13
471 483 14
182 97 32
274 57 43
284 61 12
300 123 42
198 346 14
293 83 41
34 321 23
345 21 20
539 198 25
430 266 17
451 18 28
122 42 18
502 398 34
484 155 9
532 141 26
294 397 19
407 247 33
19 161 33
510 330 33
110 499 25
70 461 29
560 418 49
101 509 30
100 52 43
138 488 16
514 428 19
233 42 20
108 153 15
176 253 41
254 382 20
545 123 1
51 387 23
97 204 31
263 133 50
40 367 5
3 432 38
284 35 4
576 176 41
343 15 10
574 538 16
190 122 23
519 505 23
509 111 20
347 137 44
501 447 25
73 326 12
345 153 23
146 156 2
408 173 28
576 137 18
391 202 32
576 209 38
315 66 37
321 434 45
140 145 27
481 422 2
1 105 4
229 97 7
174 391 20
141 229 26
43 549 37
530 9 34
386 100 3
308 129 30
507 433 1
243 474 15
441 250 10
301 288 32
371 199 26
196 412 46
327 371 25
347 232 31
453 571 29
183 379 2
413 539 25
90 493 8
9 413 44
151 132 3
105 135 38
142 460 4
424 238 1
263 370 50
67 514 32
223 183 44
89 293 1
416 343 14
80 267 32
173 263 19
390 181 40
561 200 13
442 198 1
521 542 44
396 146 31
145 497 44
80 455 19
483 126 14
297 336 19
163 198 8
463 209 5
369 147 49
300 322 8
532 13 45
208 183 50
301 183 27
532 503 42
386 102 21
543 99 15
192 75 37
78 496 7
270 153 40
457 248 3
99 415 48
29 339 11
235 185 2
256 140 17
132 268 25
309 441 11
359 99 14
66 538 29
161 178 6
312 53 48
327 248 25
469 61 40
57 536 42
383 321 5
513 297 9
86 480 8
235 148 37
195 291 45
485 20 44
177 269 46
45 467 21
456 335 28
281 85 20
50 502 16
431 31 44
170 341 5
233 312 44
433 174 29
339 128 14
486 165 33
24 28 15
264 178 42
246 51 4
550 110 41
558 279 48
353 83 43
105 324 30
211 308 34
5 209 12
506 287 27
107 398 36
481 90 10
64 508 15
468 559 46
160 217 8
79 270 25
457 117 11
500 354 22
61 453 15
391 448 34
475 255 13
57 525 43
511 216 20
397 429 31
379 25 44
190 147 9
514 80 48
106 494 34
107 43 1
491 32 37
505 319 17
77 221 5
107 350 40
206 504 28
556 360 24
430 130 28
543 142 28
177 204 13
203 491 44
144 266 15
252 262 12
474 365 31
216 117 16
309 398 13
277 204 19
290 421 40
122 432 9
448 35 33
242 244 25
501 257 17
316 91 46
554 23 17
343 470 31
466 311 25
59 399 2
256 269 11
377 350 2
405 80 12
183 96 36
216 63 15
392 509 5
1 146 12
541 55 43
495 419 6
407 20 12
38 415 17
345 30 46
175 251 21
268 261 35
114 155 38
96 204 22
464 128 2
230 563 22
144 374 16
281 310 39
24 134 23
328 481 46
370 458 27
267 406 36
352 38 33
306 203 27
504 377 6
61 434 25
425 456 2
76 564 49
290 429 11
475 143 7
23 62 22
324 231 17
296 31 39
524 527 43
130 352 42
167 433 7
220 309 36
509 48 3
561 206 5
286 356 7
163 301 15
302 146 31
518 457 21
404 103 19
203 79 29
322 198 14
114 555 16
522 218 48
452 214 44
371 115 18
464 301 33
274 238 50
518 363 37
4 480 35
518 385 40
106 535 26
440 406 19
195 236 11
208 549 45
208 215 15
33 362 43
203 190 41
190 90 6
552 546 49
182 138 27
493 322 7
413 151 10
526 2 50
547 105 20
369 200 14
332 273 29
529 6 9
190 119 27
502 2 41
132 521 18
484 19 37
483 203 24
291 48 41
541 164 28
512 526 33
170 258 30
357 271 30
327 519 40
518 34 25
496 426 1
286 135 16
200 397 40
554 528 4
345 106 28
560 477 24
497 395 31
268 116 13
359 297 28
108 2 29
165 63 42
223 419 42
414 565 13
64 301 39
445 476 28
255 183 11
126 69 18
11 35 17
118 566 45
101 7 30
460 307 2
373 552 32
332 247 11
4 485 50
347 452 31
4 44 24
562 572 25
136 65 3
55 252 7
214 415 3
495 389 7
331 551 29
18 78 7
221 552 33
130 32 30
163 500 37
548 53 30
223 334 13
468 205 19
301 93 41
572 464 31
546 429 49
497 219 34
297 460 40
69 366 15
563 185 25
475 17 4
233 204 14
572 264 38
304 214 27
282 423 12
371 204 32
5 372 42
58 467 23
341 169 35
447 336 30
169 171 35
222 360 25
433 571 1
331 511 19
352 194 49
543 363 35
559 21 36
457 508 45
43 347 18
60 548 24
115 491 50
464 146 19
172 468 3
564 36 44
559 482 33
317 16 5
225 511 46
434 318 11
284 70 19
362 293 27
1 347 10
272 417 10
386 149 18
526 548 5
504 492 14
553 193 19
298 522 11
316 525 5
319 485 24
244 203 13
375 130 33
334 276 28
91 191 24
96 273 33
63 62 18
280 531 44
42 414 34
354 263 8
88 258 6
255 67 12
543 441 3
347 557 9
120 267 38
378 66 46
363 477 23
241 532 19
13 138 43
507 545 32
229 397 41
240 431 16
575 25 7
485 340 41
273 96 36
566 529 6
203 95 50
72 412 33
488 283 33
187 388 40
290 422 40
168 363 9
24 244 25
496 429 11
147 255 44
555 382 27
450 388 21
550 40 28
65 85 19
21 157 15
364 542 39
277 110 45
204 295 24
17 181 22
534 194 40
163 136 24
298 335 27
129 422 2
2 497 47
182 38 18
246 130 22
161 301 26
143 473 21
146 475 10
315 279 22
539 330 32
291 564 18
573 428 49
225 134 27
56 529 39
533 2 27
180 403 24
232 278 36
241 474 6
26 378 1
556 422 24
429 470 43
231 260 33
519 63 8
220 276 32
288 551 47
284 441 23
576 474 16
151 403 32
360 416 6
360 81 10
362 56 30
66 394 3
428 77 28
569 538 38
435 6 22
427 483 35
468 219 17
425 424 47
149 441 3
292 51 33
533 118 42
498 29 18
29 311 10
342 368 42
25 179 9
439 286 15
125 468 48
6 121 35
7 310 40
134 458 31
305 401 14
529 566 43
464 87 15
93 94 20
281 170 21
13 539 36
437 180 21
60 252 43
456 560 17
212 276 43
250 451 24
507 373 47
193 257 38
8 533 8
481 569 25
315 524 6
340 104 10
124 192 36
107 104 47
164 206 44
525 445 11
353 162 10
398 93 24
147 206 8
522 469 20
434 173 25
331 120 48
528 362 2
323 99 20
179 21 7
132 82 5
359 176 40
336 552 41
79 349 49
396 413 44
202 340 22
86 45 38
361 128 27
572 76 39
565 438 45
232 20 22
173 570 12
420 261 46
296 196 23
168 237 29
398 191 5
531 323 1
307 130 45
422 471 5
373 199 39
171 61 3
12 294 37
296 455 38
304 2 5
216 411 15
508 282 29
522 80 18
571 224 35
124 368 15
278 508 40
349 76 4
440 374 14
287 519 46
283 331 14
219 143 14
179 191 37
351 407 29
374 33 18
4 288 35
560 484 40
3 435 9
492 327 10
257 258 16
148 460 47
155 358 24
480 173 28
217 122 16
495 404 45
45 373 40
323 361 26
331 250 36
114 539 48
442 178 45
203 357 44
244 295 7
153 14 21
463 564 44
566 375 22
12 566 5
207 576 42
192 81 16
10 312 29
445 110 27
385 25 29
360 176 21
322 227 12
62 114 2
391 223 46
238 258 35
71 246 5
122 552 13
387 68 4
39 118 46
123 488 32
521 66 45
535 337 29
157 453 4
226 512 9
99 256 3
452 15 2
271 233 27
67 359 9
39 149 18
149 576 4
186 291 2
217 487 49
354 106 32
396 13 13
389 71 37
171 557 5
55 241 17
284 540 18
370 207 41
494 347 1
71 125 11
415 367 33
72 311 26
141 466 48
392 569 34
105 128 49
72 132 34
299 96 6
457 320 45
251 113 16
126 301 30
305 328 11
161 153 44
271 430 40
448 58 38
48 205 41
208 425 35
331 565 13
130 111 41
103 360 39
388 289 27
56 109 47
401 229 30
123 509 25
105 329 33
558 561 9
427 315 13
335 234 42
442 226 46
58 563 27
273 377 2
563 562 50
530 166 11
456 181 41
396 216 37
498 323 33
161 434 15
101 30 20
538 292 50
302 253 19
419 50 39
534 81 41
374 133 12
461 239 6
295 483 46
262 489 34
152 173 50
286 384 9
464 481 18
551 99 8
505 566 44
171 120 17
73 532 24
446 574 22
228 273 43
470 9 9
145 107 32
221 326 22
21 365 34
426 478 18
388 575 48
512 239 37
178 514 14
439 13 37
313 62 5
559 538 49
387 345 23
123 125 50
207 58 1
111 247 1
343 165 11
188 25 16
510 185 35
406 22 28
282 484 31
534 127 22
205 66 25
164 475 18
443 476 40
535 364 8
525 402 24
403 18 47
507 558 45
81 179 2
149 446 2
173 566 39
142 184 50
205 375 32
534 284 13
99 97 34
575 234 40
63 122 31
170 61 11
521 540 37
419 87 49
168 80 50
300 146 2
240 324 11
202 348 41
110 571 46
36 165 5
23 260 30
176 504 30
241 462 35
340 154 38
523 198 2
153 111 12
400 262 33
283 117 26
309 207 5
75 171 31
407 387 31
468 128 50
366 347 20
212 44 26
438 299 19
481 480 22
19 412 48
188 199 26
275 170 32
198 82 20
75 73 13
466 204 28
482 493 6
533 508 32
271 456 28
16 299 18
450 466 37
159 545 36
364 419 4
496 257 34
197 167 2
210 513 27
19 255 39
536 381 3
462 292 2
269 15 6
60 28 9
228 318 26
509 322 21
390 509 48
355 567 25
125 215 9
71 178 50
569 275 13
563 479 15
192 152 7
421 230 1
523 443 4
157 569 34
380 132 5
230 39 46
561 250 34
399 398 35
538 144 31
448 423 7
423 74 19
147 372 37
550 219 41
324 59 26
474 262 50
535 374 23
94 158 42
393 340 46
556 149 34
355 302 13
19 563 25
220 199 12
91 412 2
457 21 49
485 152 14
329 526 49
418 411 5
174 47 4
262 475 18
310 389 15
517 99 10
174 25 4
169 360 44
52 97 15
220 310 35
429 202 35
425 286 22
29 402 41
165 362 37
3 169 1
441 514 20
435 16 38
101 142 16
126 138 41
185 328 21
248 546 16
459 407 49
65 53 44
157 53 44
262 344 29
1 480 23
47 361 39
142 55 25
275 437 11
37 476 25
549 339 25
185 12 36
172 446 24
244 265 33
259 401 39
205 298 1
27 302 29
361 121 50
550 35 29
263 274 7
254 104 21
334 13 36
502 381 14
507 498 46
2 335 2
238 168 45
414 143 30
115 222 39
312 111 26
142 138 21
98 235 19
350 335 42
271 427 38
445 248 24
422 457 49
368 96 40
61 452 12
354 463 31
527 236 31
277 379 9
410 48 16
259 496 25
86 557 29
256 118 17
440 65 43
253 517 42
423 64 47
164 71 40
463 254 17
23 296 42
342 256 20
122 335 44
397 330 29
427 422 24
255 204 30
275 530 2
28 271 1
561 484 37
291 383 49
221 482 34
266 320 21
278 509 49
175 486 47
232 474 26
39 536 30
111 210 9
338 164 48
86 135 7
197 463 28
19 8 33
566 122 33
251 301 38
422 286 15
267 266 4
42 108 17
64 171 43
451 272 14
440 551 13
130 274 15
135 389 45
564 174 42
350 263 46
158 539 38
19 366 48
154 157 34
319 237 7
47 523 41
544 31 16
303 31 39
530 449 39
232 465 19
56 469 9
460 43 42
421 497 9
104 312 30
405 374 25
379 264 45
368 189 47
70 289 32
350 127 28
507 392 39
278 437 37
64 250 26
5 305 9
399 338 19
315 494 22
289 333 50
388 4 8
272 6 44
535 255 50
410 529 27
384 245 40
336 530 48
204 521 48
82 520 33
468 294 18
311 521 9
418 100 45
459 141 15
201 361 20
236 480 9
569 331 18
375 77 26
550 239 41
197 354 29
145 258 33
500 336 25
34 131 26
532 331 49
39 371 4
343 2 29
385 1 14
103 412 32
486 89 24
497 69 17
191 4 14
157 187 50
184 110 9
329 85 43
309 318 14
234 283 15
336 405 7
15 14 21
497 148 4
419 542 17
422 50 13
199 118 31
516 449 2
85 94 45
375 483 34
279 39 14
223 524 45
386 359 18
149 56 15
559 560 44
176 442 16
15 456 46
402 201 41
366 441 14
449 336 23
345 102 37
398 45 48
472 273 46
547 28 1
298 496 41
83 486 29
266 276 19
51 173 35
279 214 16
254 389 49
420 507 33
87 281 9
221 528 35
556 109 22
523 51 9
553 52 23
239 225 47
317 357 40
156 321 45
95 444 40
190 391 18
567 326 33
329 230 11
397 219 17
336 571 7
332 311 46
464 497 24
82 136 15
243 336 8
307 127 29
319 236 31
174 531 6
551 536 25
205 384 11
6 279 48
427 548 19
237 73 48
300 245 48
481 171 2
551 76 21
124 49 36
385 406 21
50 511 14
2 291 41
572 123 28
26 296 11
307 242 42
12 397 34
396 241 15
27 374 28
93 372 35
164 492 34
449 427 15
31 114 35
51 101 21
376 419 35
345 415 47
253 127 23
7 157 38
212 163 30
104 271 26
255 217 1
559 45 45
171 575 1
185 321 47
351 299 49
539 505 6
345 156 8
221 516 21
414 283 12
234 81 32
96 563 12
532 388 33
315 408 18
42 137 39
147 141 8
198 273 34
386 301 19
302 68 9
82 425 23
315 235 46
554 218 14
5 331 18
302 329 40
324 33 21
168 211 49
495 376 6
207 366 4
402 168 18
4 548 13
112 319 31
543 322 19
217 572 23
278 464 24
455 223 33
89 397 10
123 259 20
455 436 37
509 485 23
51 568 37
115 286 14
155 139 36
417 4 8
552 471 3
563 477 36
357 34 4
76 318 44
7 574 30
116 133 18
549 261 15
198 165 10
460 497 48
327 523 40
521 533 41
175 444 22
359 439 4
318 254 2
12 305 9
345 263 37
163 76 30
319 204 36
400 106 44
399 71 48
82 235 17
547 286 36
10 270 3
291 88 21
366 206 41
135 317 19
549 183 45
251 70 4
517 424 39
456 204 32
114 46 38
72 37 28
347 488 43
118 132 9
401 17 2
299 399 31
293 359 9
228 254 17
382 215 37
368 248 7
316 564 10
445 210 27
227 288 35
448 294 44
124 189 22
264 569 8
85 85 22
319 572 37
568 478 37
434 398 43
326 262 37
286 160 47
418 462 26
401 486 34
506 141 16
276 317 42
120 512 15
453 219 8
186 388 39
508 258 32
315 41 46
390 37 8
521 62 10
54 505 11
505 92 43
5 557 38
470 145 2
400 114 11
57 230 36
227 546 26
398 15 10
507 50 48
217 444 19
279 101 3
57 431 7
478 115 1
244 538 47
406 462 17
517 115 28
334 353 13
107 432 4
179 130 5
154 229 12
423 122 44
494 257 43
286 535 1
392 44 32
221 387 42
545 97 50
257 538 19
29 245 1
177 156 42
205 43 4
11 65 45
554 487 5
377 57 17
215 112 16
483 331 37
396 415 50
315 496 23
428 465 15
504 395 42
396 271 14
465 407 5
189 554 14
192 405 19
469 27 28
334 26 22
175 377 37
311 188 23
414 210 46
104 201 13
351 124 6
572 138 11
228 371 29
304 418 27
410 195 40
224 222 13
439 44 5
25 573 20
128 85 22
117 548 44
373 398 11
84 483 9
456 486 37
541 353 4
150 320 20
39 165 8
567 300 23
289 321 21
389 367 42
284 486 50
232 19 26
287 158 32
22 188 45
36 34 30
56 22 28
246 128 31
237 149 12
64 340 34
243 288 29
316 567 22
253 100 11
241 484 17
11 287 14
14 269 32
22 134 31
449 296 32
514 479 23
563 377 17
436 198 36
94 251 34
108 376 14
4 331 20
535 214 3
472 87 7
105 504 35
334 46 40
385 399 21
80 414 16
411 155 17
409 398 35
427 197 17
262 18 16
557 411 12
334 377 13
555 536 50
293 542 21
440 90 22
310 87 48
263 162 12
173 60 10
454 452 44
298 420 24
232 103 9
183 505 45
523 13 27
16 68 19
235 151 49
457 225 19
169 309 43
555 550 25
416 174 2
275 471 2
400 466 4
66 428 48
58 457 24
126 13 5
449 273 44
77 371 47
406 260 22
321 280 19
63 389 33
260 98 35
174 14 6
197 115 25
406 45 8
333 314 14
332 518 13
109 2 19
265 4 33
401 81 47
312 101 47
412 124 27
349 436 7
380 55 37
552 139 30
326 458 10
461 507 34
21 429 4
84 423 16
125 214 36
535 205 1
204 25 45
548 258 32
423 539 14
17 377 32
71 401 47
151 18 38
67 537 8
132 522 4
120 397 45
25 541 16
333 255 50
7 525 45
317 185 14
176 23 22
530 333 13
538 87 40
254 16 3
455 118 2
376 114 32
436 203 29
564 422 41
200 48 49
187 252 50
180 514 13
48 193 26
274 60 14
422 294 18
540 259 44
52 147 38
255 554 3
7 24 5
258 102 31
107 538 34
568 122 39
209 221 46
282 561 26
49 149 14
466 7 35
336 17 43
161 161 1
134 21 39
38 8 1
525 61 16
370 377 35
403 568 39
144 5 6
438 172 41
337 346 33
322 497 4
513 551 42
96 238 47
548 56 33
312 472 33
105 260 21
116 186 20
17 388 5
194 102 37
47 79 19
148 20 18
441 283 44
420 369 32
188 326 22
261 154 15
251 458 37
206 115 35
68 444 30
165 228 35
396 129 10
534 494 48
55 399 26
543 130 21
557 176 42
558 256 5
78 128 2
280 141 38
97 560 28
128 266 43
409 509 25
31 281 41
385 475 17
237 507 3
143 193 26
33 103 24
60 154 6
184 554 42
202 241 1
279 373 13
366 111 29
563 193 48
429 429 11
341 287 1
258 4 16
205 95 37
140 533 33
189 438 23
380 32 37
129 113 28
447 470 46
7 68 18
465 558 32
141 178 18
501 422 12
23 54 40
198 189 29
356 422 48
480 265 30
447 330 7
118 29 49
464 445 40
84 405 19
73 516 21
350 46 10
423 85 18
62 433 22
92 475 50
131 79 3
418 541 16
322 422 23
271 435 44
412 251 35
391 66 8
562 312 2
196 249 14
336 498 40
146 302 41
137 70 24
424 6 12
519 16 27
484 17 16
562 289 30
296 412 14
167 183 18
81 191 47
335 307 13
308 400 9
484 456 35
74 249 35
404 413 14
81 70 47
312 215 30
528 340 2
326 550 4
503 126 48
125 312 35
131 74 8
283 215 28
433 82 3
45 452 49
164 144 50
180 167 32
506 145 44
203 458 41
219 117 31
377 168 45
408 492 44
218 145 16
223 54 6
457 45 13
537 239 41
115 52 20
13 370 10
183 370 13
490 79 4
81 62 27
147 381 4
413 456 17
378 443 38
429 292 4
58 249 26
89 166 28
398 79 20
435 8 42
292 576 13
566 158 46
362 342 39
351 197 21
60 4 29
179 440 3
144 146 20
455 459 36
489 34 47
245 252 23
21 351 44
346 22 29
250 39 28
375 568 18
201 92 5
198 491 38
295 344 50
487 243 6
519 1 14
44 298 46
536 473 19
60 540 10
258 32 14
82 338 25
513 21 26
124 562 40
100 472 31
373 291 23
143 358 12
477 409 16
58 497 44
282 197 3
503 170 43
263 203 31
194 202 44
392 14 44
84 162 30
575 81 10
556 8 48
364 63 14
108 164 3
341 192 49
375 50 15
311 108 21
280 92 3
406 322 45
350 56 14
417 298 9
471 430 18
207 398 36
84 204 48
111 406 15
13 459 17
345 159 25
292 349 9
77 77 10
538 59 33
187 266 14
218 420 30
499 169 9
293 409 39
482 281 31
394 469 50
387 450 39
140 408 36
431 440 47
15 215 30
34 282 46
298 84 17
354 360 14
422 522 17
150 137 17
296 387 40
237 167 37
59 112 25
462 219 37
274 357 4
501 478 33
174 269 32
235 379 47
357 8 8
457 262 3
351 434 2
359 341 36
387 542 7
154 448 17
222 398 50
116 12 11
203 115 43
493 519 10
126 151 22
355 477 47
268 7 34
257 13 24
240 225 33
563 431 8
362 550 41
279 11 42
222 284 30
359 132 40
499 269 39
510 441 30
67 498 27
303 450 20
186 57 23
250 549 11
80 101 50
138 270 38
243 480 49
507 462 15
238 329 33
545 426 28
530 458 16
315 30 11
389 564 13
411 509 20
163 415 28
514 379 22
499 15 47
77 532 49
351 120 5
283 249 37
555 557 6
418 87 28
261 33 42
215 121 14
164 443 46
382 126 14
257 346 44
126 64 37
565 457 37
423 511 29
129 262 41
311 75 48
571 407 42
543 235 36
194 176 6
146 102 10
492 452 15
501 78 43
75 180 49
422 41 13
324 420 30
361 407 31
323 166 46
206 201 5
64 568 31
146 539 5
309 442 31
185 348 39
49 511 2
302 261 33
422 97 28
573 17 44
319 439 25
522 506 39
392 332 8
408 102 12
332 506 32
263 408 9
103 531 35
282 471 46
319 109 10
121 450 17
304 399 37
212 182 43
570 356 33
554 368 41
162 54 27
212 205 19
339 8 40
430 208 22
24 217 25
70 6 3
206 529 13
55 314 44
122 409 14
128 21 14
468 555 16
154 409 9
160 9 43
105 231 42
73 425 50
161 442 14
15 482 19
384 122 38
24 531 4
326 424 22
504 470 45
56 562 12
123 241 43
47 429 23
20 305 8
343 246 10
357 7 42
549 241 33
338 135 35
333 552 36
366 279 25
441 533 21
527 251 46
182 115 29
152 113 13
466 359 32
78 94 43
9 369 5
117 324 28
267 5 25
159 60 1
259 240 43
500 476 36
321 294 6
267 214 37
94 563 47
467 56 21
223 181 30
552 79 49
557 253 4
519 116 16
441 392 28
428 34 26
346 21 13
152 231 2
427 384 4
50 333 33
31 171 28
71 515 39
326 37 15
189 541 47
471 282 29
81 316 5
524 565 48
287 226 33
550 366 32
235 323 24
123 335 29
361 569 11
499 56 23
575 474 48
469 369 46
439 232 30
476 570 12
200 316 42
120 137 47
30 571 18
515 76 3
18 41 32
343 546 27
518 120 44
530 429 38
198 185 22
37 539 19
427 37 43
418 201 27
156 232 48
54 291 8
143 495 48
30 322 41
85 443 23
375 473 39
264 384 11
62 268 25
423 208 25
383 425 50
554 269 7
549 96 37
36 135 14
353 544 5
492 471 37
81 61 42
431 393 17
278 314 44
405 384 35
101 200 50
43 161 36
539 14 13
194 68 40
490 387 9
293 71 6
374 240 4
251 362 41
567 63 41
218 452 16
228 539 45
288 283 16
118 541 25
57 289 28
248 321 25
450 516 44
124 569 41
17 51 13
290 154 14
301 270 44
297 403 32
13 146 27
18 472 2
100
361 499
85 452
447 27
208 202
181 521
6 288
133 537
560 238
108 481
120 377
83 284
72 419
558 544
259 56
557 451
231 119
211 54
452 242
180 132
397 437
283 175
421 14
359 309
377 533
369 280
29 32
107 136
465 256
545 545
39 305
551 149
385 214
298 27
474 540
199 226
493 240
166 47
375 539
571 20
196 443
498 103
496 138
193 38
330 396
495 445
162 508
78 1
281 471
546 563
531 53
204 3
530 366
350 117
166 153
267 574
252 496
251 2
574 2
345 413
136 275
421 256
349 122
50 210
10 454
252 420
134 451
551 350
382 514
312 321
249 136
419 363
120 228
170 424
42 355
176 80
329 519
573 440
139 511
56 517
551 341
62 154
166 184
83 384
110 307
68 269
233 294
329 450
286 160
391 8
41 391
412 383
99 126
131 228
420 49
146 201
516 353
15 39
235 298
314 528
48 532
